$ 1 0.000005 10.20027730826997 50 5 43
R 272 48 272 16 0 0 40 5 0 0 0.5
w 272 48 208 48 0
r 208 48 208 144 0 15900
w 272 48 336 48 0
r 336 48 336 144 0 15900
w 336 144 384 144 0
r 384 144 480 144 0 10000
a 480 160 624 160 8 5 0 1000000 0.342730542349396 0.34274001683686517 500000
w 480 144 480 80 0
r 480 80 544 80 0 300000
r 544 80 608 80 0 68200
r 608 80 672 80 0 100000
w 672 80 672 160 0
w 624 160 672 160 0
w 208 144 208 176 0
r 480 176 384 176 0 10000
w 384 176 208 176 0
w 336 144 336 176 0
r 336 176 336 368 0 807.5
r 208 176 208 368 0 1200
r 480 176 480 240 0 300000
r 480 240 480 304 0 68200
r 480 304 480 368 0 100000
w 208 368 336 368 0
w 336 368 480 368 0
g 336 368 336 400 0
p 672 160 672 320 1 0
